1.000000
2.000000
3.000000
4.000000
5.000000
6.000000
2.000000
3.000000
3.333333
2.000000
2.500000
2.900000
3.244828
3.553010
3.834462
4.095255
4.339440
4.569884
4.788708
4.997533
2.000000
2.500000
2.900000
3.244828
3.553010
3.834462
4.095255
4.339440
4.569884
4.788708
4.997533
5.197631
5.390027
5.575555
5.754909
5.928674
6.097345
6.261351
6.421061
2.000000
3.000000
3.333333
2.000000
2.000000
2.500000
2.900000
3.244828
3.553010
3.834462
4.095255
4.339440
4.569884
4.788708
4.997533
5.197631
5.390027
5.575555
5.754909
5.928674
6.097345
6.261351
6.421061
6.576799
6.728848
6.877462
7.022865
7.165257
7.304819
7.441715
7.576093
7.708087
7.837821
7.965407
8.090950
8.214545
8.336280
8.456238
8.574494
8.691119
8.806179
8.919735
9.031846
9.142565
9.251944
9.360029
9.466867
9.572498
9.676964
9.780302
9.882549
9.983737
10.083900
10.183068
10.281270
10.378535
10.474887
10.570354
10.664958
10.758723
10.851671
